4294967278,554
4294967279,365
4294967294,437
4294967279,364
4294967278,553
4294967279,363
29,4
29,3
29,2
29,1
4294967278,552
4294967278,551
4294967279,362
4294967279,361
4294967278,550
4294967294,1412
4294967294,1411
4294967279,360
28,5
28,4
28,3
28,2
28,1
4294967279,359
4294967294,470
4294967278,549
4294967279,358
4294967279,357
4294967278,548
4294967278,547
4294967278,546
4294967279,356
4294967278,545
4294967279,355
4294967279,354
4294967278,544
4294967279,353
4294967278,543
4294967279,352
4294967278,542
4294967279,351
4294967278,541
4294967278,540
4294967278,539
4294967279,350
4294967279,349
4294967279,348
4294967278,538
4294967278,537
4294967279,347
4294967278,536
4294967279,346
4294967279,345
27,5
27,4
27,3
27,2
27,1
4294967279,344
4294967279,343
4294967278,535
4294967279,342
4294967278,534
4294967279,341
4294967278,533
26,5
26,4
26,3
26,2
26,1
4294967278,532
4294967279,340
4294967279,339
4294967294,1410
4294967279,338
4294967279,337
4294967279,336
4294967279,335
25,5
25,4
25,3
25,2
25,1
4294967279,334
24,4
24,3
24,2
24,1
23,4
23,3
23,2
23,1
4294967279,333
4294967278,531
4294967278,530
4294967279,332
4294967278,529
4294967279,331
4294967279,330
22,6
22,5
22,4
22,3
22,2
22,1
4294967278,528
4294967278,527
4294967279,329
4294967278,526
4294967279,328
4294967278,525
4294967279,327
4294967278,524
21,5
21,4
21,3
21,2
21,1
20,4
20,3
20,2
20,1
4294967278,523
4294967278,522
4294967279,326
4294967278,521
19,6
19,5
19,4
19,3
19,2
19,1
4294967278,520
4294967294,1409
18,5
18,4
18,3
18,2
18,1
4294967278,519
15,5
4294967279,325
4294967278,518
4294967279,324
4294967278,517
4294967279,323
4294967279,322
4294967278,516
4294967279,321
4294967279,320
4294967278,515
4294967279,319
4294967279,318
4294967278,514
4294967278,513
4294967279,317
17,6
4294967278,512
17,5
4294967279,316
17,4
4294967278,319
17,3
17,2
17,1
4294967278,318
4294967279,315
4294967278,317
4294967279,314
4294967278,316
4294967278,315
4294967278,314
16,5
16,4
16,3
16,2
16,1
4294967278,313
4294967294,1408
4294967278,312
4294967279,313
14,5
15,4
15,3
15,2
15,1
4294967294,187
4294967294,972
14,4
14,3
14,2
14,1
13,5
13,4
13,3
13,2
13,1
4294967278,311
4294967279,312
4294967279,311
4294967278,310
4294967279,310
4294967278,309
4294967279,309
4294967278,308
4294967279,308
4294967278,307
12,5
12,4
12,3
12,2
12,1
4294967278,306
4294967279,307
4294967278,305
4294967279,306
4294967278,304
4294967279,305
4294967278,303
4294967279,304
11,6
11,5
11,4
11,3
11,2
11,1
4294967278,302
4294967278,301
4294967279,303
4294967278,300
4294967279,302
4294967278,299
4294967294,942
4294967279,301
4294967278,298
10,5
10,4
10,3
10,2
10,1
4294967278,297
4294967294,83
4294967278,296
4294967279,300
4294967279,299
8,5
4294967278,295
4294967279,298
4294967278,294
4294967279,297
4294967278,293
4294967279,296
4294967278,292
9,5
9,4
9,3
9,2
9,1
4294967278,291
4294967294,469
4294967278,290
4294967279,295
4294967279,294
6,5
8,4
8,3
8,2
8,1
4294967279,293
7,5
7,4
7,3
7,2
7,1
4294967278,289
6,4
6,3
6,2
6,1
4294967278,288
4294967279,292
4294967278,287
4294967279,291
4294967278,286
4294967279,290
4294967278,285
4294967279,289
5,5
5,4
5,3
5,2
5,1
4294967278,284
4294967279,288
4294967278,283
4294967279,287
4294967278,282
4,5
4,4
4,3
4,2
4,1
4294967278,274
4294967279,286
4294967279,285
3,5
3,4
3,3
3,2
3,1
2,4
4294967279,284
2,3
2,2
2,1
4294967279,283
4294967279,282
4294967278,273
4294967279,281
4294967293,131
4294967293,130
4294967293,129
4294967293,128
4294967293,127
4294967293,126
4294967293,125
4294967293,124
4294967293,123
4294967293,122
4294967293,121
4294967293,120
4294967293,119
4294967293,118
4294967293,117
4294967293,116
4294967293,115
4294967293,114
4294967293,113
4294967293,112
4294967293,111
